# oST version 5.0 parameters


[image]

width
1280

height
720

[narrow_stereo]

camera matrix
930.473829 0.000000 639.375307
0.000000 931.835758 359.276571
0.000000 0.000000 1.000000

distortion
-0.001694 -0.004025 -0.000109 0.001670 0.000000

rectification
1.000000 0.000000 0.000000
0.000000 1.000000 0.000000
0.000000 0.000000 1.000000

projection
928.863767 0.000000 641.595931 0.000000
0.000000 932.216534 359.219079 0.000000
0.000000 0.000000 1.000000 0.000000
