image_width: 1280
image_height: 720
camera_name: narrow_stereo
camera_matrix:
  rows: 3
  cols: 3
  data: [930.47383,   0.     , 639.37531,
           0.     , 931.83576, 359.27657,
           0.     ,   0.     ,   1.     ]
distortion_model: plumb_bob
distortion_coefficients:
  rows: 1
  cols: 5
  data: [-0.001694, -0.004025, -0.000109, 0.001670, 0.000000]
rectification_matrix:
  rows: 3
  cols: 3
  data: [1., 0., 0.,
         0., 1., 0.,
         0., 0., 1.]
projection_matrix:
  rows: 3
  cols: 4
  data: [928.86377,   0.     , 641.59593,   0.     ,
           0.     , 932.21653, 359.21908,   0.     ,
           0.     ,   0.     ,   1.     ,   0.     ]
